1
1
1
1
1
1
1
1
1
1
2
2
1
2
2
1
2
2
1
2
2
2
2
2
1
2
2
1
2
2
1
3
3
2
3
3
2
3
3
1
3
3
1
3
3
1
4
4
3
4
4
3
4
4
2
4
4
1
4
4
1
4
4
1
5
5
3
5
5
4
5
5
3
5
5
2
5
5
1
5
5
1
5
5
1
6
6
4
6
6
5
6
6
5
6
6
3
6
6
2
6
6
1
6
6
1
6
6
1
8
8
4
8
8
7
8
8
6
8
8
5
8
8
3
8
8
2
8
8
1
8
8
1
8
8
1
10
10
5
10
10
8
10
10
9
10
10
7
10
10
5
10
10
3
10
10
2
10
10
1
10
10
1
10
10
1
12
12
5
12
12
10
12
12
11
12
12
10
12
12
7
12
12
5
12
12
3
12
12
2
12
12
1
12
12
1
12
12
1
15
15
6
15
15
12
15
15
15
15
15
13
15
15
11
15
15
7
15
15
5
15
15
3
15
15
2
15
15
1
15
15
1
15
15
1
18
18
6
18
18
14
18
18
18
18
18
18
18
18
14
18
18
11
18
18
7
18
18
5
18
18
3
18
18
2
18
18
1
18
18
1
18
18
1
22
22
7
22
22
16
22
22
23
22
22
23
22
22
20
22
22
15
22
22
11
22
22
7
22
22
5
22
22
3
22
22
2
22
22
1
22
22
1
22
22
1
27
27
7
27
27
19
27
27
27
27
27
30
27
27
26
27
27
21
27
27
15
27
27
11
27
27
7
27
27
5
27
27
3
27
27
2
27
27
1
27
27
1
27
27
1
32
32
8
32
32
21
32
32
34
32
32
37
32
32
35
32
32
28
32
32
22
32
32
15
32
32
11
32
32
7
32
32
5
32
32
3
32
32
2
32
32
1
32
32
1
32
32
1
38
38
8
38
38
24
38
38
39
38
38
47
38
38
44
38
38
38
38
38
29
38
38
22
38
38
15
38
38
11
38
38
7
38
38
5
38
38
3
38
38
2
38
38
1
38
38
1
38
38
1
46
46
9
46
46
27
46
46
47
46
46
57
46
46
58
46
46
49
46
46
40
46
46
30
46
46
22
46
46
15
46
46
11
46
46
7
46
46
5
46
46
3
46
46
2
46
46
1
46
46
1
46
46
1
54
54
9
54
54
30
54
54
54
54
54
70
54
54
71
54
54
65
54
54
52
54
54
41
54
54
30
54
54
22
54
54
15
54
54
11
54
54
7
54
54
5
54
54
3
54
54
2
54
54
1
54
54
1
54
54
1
64
64
10
64
64
33
64
64
64
64
64
84
64
64
90
64
64
82
64
64
70
64
64
54
64
64
42
64
64
30
64
64
22
64
64
15
64
64
11
64
64
7
64
64
5
64
64
3
64
64
2
64
64
1
64
64
1
64
64
1
76
76
10
76
76
37
76
76
72
76
76
101
76
76
110
76
76
105
76
76
89
76
76
73
76
76
55
76
76
42
76
76
30
76
76
22
76
76
15
76
76
11
76
76
7
76
76
5
76
76
3
76
76
2
76
76
1
76
76
1
76
76
1
89
89
11
89
89
40
89
89
84
89
89
119
89
89
136
89
89
131
89
89
116
89
89
94
89
89
75
89
89
56
89
89
42
89
89
30
89
89
22
89
89
15
89
89
11
89
89
7
89
89
5
89
89
3
89
89
2
89
89
1
89
89
1
89
89
1
104
104
11
104
104
44
104
104
94
104
104
141
104
104
163
104
104
164
104
104
146
104
104
123
104
104
97
104
104
76
104
104
56
104
104
42
104
104
30
104
104
22
104
104
15
104
104
11
104
104
7
104
104
5
104
104
3
104
104
2
104
104
1
104
104
1
104
104
1
122
122
12
122
122
48
122
122
108
122
122
164
122
122
199
122
122
201
122
122
186
122
122
157
122
122
128
122
122
99
122
122
77
122
122
56
122
122
42
122
122
30
122
122
22
122
122
15
122
122
11
122
122
7
122
122
5
122
122
3
122
122
2
122
122
1
122
122
1
122
122
1
142
142
12
142
142
52
142
142
120
142
142
192
142
142
235
142
142
248
142
142
230
142
142
201
142
142
164
142
142
131
142
142
100
142
142
77
142
142
56
142
142
42
142
142
30
142
142
22
142
142
15
142
142
11
142
142
7
142
142
5
142
142
3
142
142
2
142
142
1
142
142
1
142
142
1
165
165
13
165
165
56
165
165
136
165
165
221
165
165
282
165
165
300
165
165
288
165
165
252
165
165
212
165
165
169
165
165
133
165
165
101
165
165
77
165
165
56
165
165
42
165
165
30
165
165
22
165
165
15
165
165
11
165
165
7
165
165
5
165
165
3
165
165
2
165
165
1
165
165
1
165
165
1
192
192
13
192
192
61
192
192
150
192
192
255
192
192
331
192
192
364
192
192
352
192
192
318
192
192
267
192
192
219
192
192
172
192
192
134
192
192
101
192
192
77
192
192
56
192
192
42
192
192
30
192
192
22
192
192
15
192
192
11
192
192
7
192
192
5
192
192
3
192
192
2
192
192
1
192
192
1
192
192
1
222
222
14
222
222
65
222
222
169
222
222
291
222
222
391
222
222
436
222
222
434
222
222
393
222
222
340
222
222
278
222
222
224
222
222
174
222
222
135
222
222
101
222
222
77
222
222
56
222
222
42
222
222
30
222
222
22
222
222
15
222
222
11
222
222
7
222
222
5
222
222
3
222
222
2
222
222
1
222
222
1
222
222
1
256
256
14
256
256
70
256
256
185
256
256
333
256
256
454
256
256
522
256
256
525
256
256
488
256
256
423
256
256
355
256
256
285
256
256
227
256
256
175
256
256
135
256
256
101
256
256
77
256
256
56
256
256
42
256
256
30
256
256
22
256
256
15
256
256
11
256
256
7
256
256
5
256
256
3
256
256
2
256
256
1
256
256
1
256
256
1
296
296
15
296
296
75
296
296
206
296
296
377
296
296
532
296
296
618
296
296
638
296
296
598
296
296
530
296
296
445
296
296
366
296
296
290
296
296
229
296
296
176
296
296
135
296
296
101
296
296
77
296
296
56
296
296
42
296
296
30
296
296
22
296
296
15
296
296
11
296
296
7
296
296
5
296
296
3
296
296
2
296
296
1
296
296
1
296
296
1
340
340
15
340
340
80
340
340
225
340
340
427
340
340
612
340
340
733
340
340
764
340
340
732
340
340
653
340
340
560
340
340
460
340
340
373
340
340
293
340
340
230
340
340
176
340
340
135
340
340
101
340
340
77
340
340
56
340
340
42
340
340
30
340
340
22
340
340
15
340
340
11
340
340
7
340
340
5
340
340
3
340
340
2
340
340
1
340
340
1
340
340
1
390
390
16
390
390
85
390
390
249
390
390
480
390
390
709
390
390
860
390
390
919
390
390
887
390
390
807
390
390
695
390
390
582
390
390
471
390
390
378
390
390
295
390
390
231
390
390
176
390
390
135
390
390
101
390
390
77
390
390
56
390
390
42
390
390
30
390
390
22
390
390
15
390
390
11
390
390
7
390
390
5
390
390
3
390
390
2
390
390
1
390
390
1
390
390
1
448
448
16
448
448
91
448
448
270
448
448
540
448
448
811
448
448
1009
448
448
1090
448
448
1076
448
448
984
448
448
863
448
448
725
448
448
597
448
448
478
448
448
381
448
448
296
448
448
231
448
448
176
448
448
135
448
448
101
448
448
77
448
448
56
448
448
42
448
448
30
448
448
22
448
448
15
448
448
11
448
448
7
448
448
5
448
448
3
448
448
2
448
448
1
448
448
1
448
448
1
512
512
17
512
512
96
512
512
297
512
512
603
512
512
931
512
512
1175
512
512
1297
512
512
1291
512
512
1204
512
512
1060
512
512
905
512
512
747
512
512
608
512
512
483
512
512
383
512
512
297
512
512
231
512
512
176
512
512
135
512
512
101
512
512
77
512
512
56
512
512
42
512
512
30
512
512
22
512
512
15
512
512
11
512
512
7
512
512
5
512
512
3
512
512
2
512
512
1
512
512
1
512
512
1
585
585
17
585
585
102
585
585
321
585
585
674
585
585
1057
585
585
1367
585
585
1527
585
585
1549
585
585
1455
585
585
1303
585
585
1116
585
585
935
585
585
762
585
585
615
585
585
486
585
585
384
585
585
297
585
585
231
585
585
176
585
585
135
585
585
101
585
585
77
585
585
56
585
585
42
585
585
30
585
585
22
585
585
15
585
585
11
585
585
7
585
585
5
585
585
3
585
585
2
585
585
1
585
585
1
585
585
1
668
668
18
668
668
108
668
668
351
668
668
748
668
668
1206
668
668
1579
668
668
1801
668
668
1845
668
668
1761
668
668
1586
668
668
1380
668
668
1158
668
668
957
668
668
773
668
668
620
668
668
488
668
668
385
668
668
297
668
668
231
668
668
176
668
668
135
668
668
101
668
668
77
668
668
56
668
668
42
668
668
30
668
668
22
668
668
15
668
668
11
668
668
7
668
668
5
668
668
3
668
668
2
668
668
1
668
668
1
668
668
1
760
760
18
760
760
114
760
760
378
760
760
831
760
760
1360
760
760
1824
760
760
2104
760
760
2194
760
760
2112
760
760
1930
760
760
1686
760
760
1436
760
760
1188
760
760
972
760
760
780
760
760
623
760
760
489
760
760
385
760
760
297
760
760
231
760
760
176
760
760
135
760
760
101
760
760
77
760
760
56
760
760
42
760
760
30
760
760
22
760
760
15
760
760
11
760
760
7
760
760
5
760
760
3
760
760
2
760
760
1
760
760
1
760
760
1
864
864
19
864
864
120
864
864
411
864
864
918
864
864
1540
864
864
2093
864
864
2462
864
864
2592
864
864
2534
864
864
2331
864
864
2063
864
864
1763
864
864
1478
864
864
1210
864
864
983
864
864
785
864
864
625
864
864
490
864
864
385
864
864
297
864
864
231
864
864
176
864
864
135
864
864
101
864
864
77
864
864
56
864
864
42
864
864
30
864
864
22
864
864
15
864
864
11
864
864
7
864
864
5
864
864
3
864
864
2
864
864
1
864
864
1
864
864
1
982
982
19
982
982
127
982
982
441
982
982
1014
982
982
1729
982
982
2400
982
982
2857
982
982
3060
982
982
3015
982
982
2812
982
982
2503
982
982
2164
982
982
1819
982
982
1508
982
982
1225
982
982
990
982
982
788
982
982
626
982
982
490
982
982
385
982
982
297
982
982
231
982
982
176
982
982
135
982
982
101
982
982
77
982
982
56
982
982
42
982
982
30
982
982
22
982
982
15
982
982
11
982
982
7
982
982
5
982
982
3
982
982
2
982
982
1
982
982
1
982
982
1
1113
1113
20
1113
1113
133
1113
1113
478
1113
1113
1115
1113
1113
1945
1113
1113
2738
1113
1113
3319
1113
1113
3589
1113
1113
3590
1113
1113
3370
1113
1113
3036
1113
1113
2637
1113
1113
2241
1113
1113
1861
1113
1113
1530
1113
1113
1236
1113
1113
995
1113
1113
790
1113
1113
627
1113
1113
490
1113
1113
385
1113
1113
297
1113
1113
231
1113
1113
176
1113
1113
135
1113
1113
101
1113
1113
77
1113
1113
56
1113
1113
42
1113
1113
30
1113
1113
22
1113
1113
15
1113
1113
11
1113
1113
7
1113
1113
5
1113
1113
3
1113
1113
2
1113
1113
1
1113
1113
1
1113
1113
1
1260
1260
20
1260
1260
140
1260
1260
511
1260
1260
1226
1260
1260
2172
1260
1260
3120
1260
1260
3828
1260
1260
4206
1260
1260
4242
1260
1260
4035
1260
1260
3655
1260
1260
3210
1260
1260
2738
1260
1260
2297
1260
1260
1891
1260
1260
1545
1260
1260
1243
1260
1260
998
1260
1260
791
1260
1260
627
1260
1260
490
1260
1260
385
1260
1260
297
1260
1260
231
1260
1260
176
1260
1260
135
1260
1260
101
1260
1260
77
1260
1260
56
1260
1260
42
1260
1260
30
1260
1260
22
1260
1260
15
1260
1260
11
1260
1260
7
1260
1260
5
1260
1260
3
1260
1260
2
1260
1260
1
1260
1260
1
1260
1260
1
1426
1426
21
1426
1426
147
1426
1426
551
1426
1426
1342
1426
1426
2432
1426
1426
3539
1426
1426
4417
1426
1426
4904
1426
1426
5013
1426
1426
4802
1426
1426
4401
1426
1426
3882
1426
1426
3345
1426
1426
2815
1426
1426
2339
1426
1426
1913
1426
1426
1556
1426
1426
1248
1426
1426
1000
1426
1426
792
1426
1426
627
1426
1426
490
1426
1426
385
1426
1426
297
1426
1426
231
1426
1426
176
1426
1426
135
1426
1426
101
1426
1426
77
1426
1426
56
1426
1426
42
1426
1426
30
1426
1426
22
1426
1426
15
1426
1426
11
1426
1426
7
1426
1426
5
1426
1426
3
1426
1426
2
1426
1426
1
1426
1426
1
1426
1426
1
1610
1610
21
1610
1610
154
1610
1610
588
1610
1610
1469
1610
1610
2702
1610
1610
4011
1610
1610
5066
1610
1610
5708
1610
1610
5888
1610
1610
5708
1610
1610
5262
1610
1610
4691
1610
1610
4057
1610
1610
3446
1610
1610
2871
1610
1610
2369
1610
1610
1928
1610
1610
1563
1610
1610
1251
1610
1610
1001
1610
1610
792
1610
1610
627
1610
1610
490
1610
1610
385
1610
1610
297
1610
1610
231
1610
1610
176
1610
1610
135
1610
1610
101
1610
1610
77
1610
1610
56
1610
1610
42
1610
1610
30
1610
1610
22
1610
1610
15
1610
1610
11
1610
1610
7
1610
1610
5
1610
1610
3
1610
1610
2
1610
1610
1
1610
1610
1
1610
1610
1
1816
1816
22
1816
1816
161
1816
1816
632
1816
1816
1602
1816
1816
3009
1816
1816
4526
1816
1816
5812
1816
1816
6615
1816
1816
6912
1816
1816
6751
1816
1816
6290
1816
1816
5635
1816
1816
4920
1816
1816
4192
1816
1816
3523
1816
1816
2913
1816
1816
2391
1816
1816
1939
1816
1816
1568
1816
1816
1253
1816
1816
1002
1816
1816
792
1816
1816
627
1816
1816
490
1816
1816
385
1816
1816
297
1816
1816
231
1816
1816
176
1816
1816
135
1816
1816
101
1816
1816
77
1816
1816
56
1816
1816
42
1816
1816
30
1816
1816
22
1816
1816
15
1816
1816
11
1816
1816
7
1816
1816
5
1816
1816
3
1816
1816
2
1816
1816
1
1816
1816
1
1816
1816
1
2048
2048
22
2048
2048
169
2048
2048
672
2048
2048
1747
2048
2048
3331
2048
2048
5102
2048
2048
6630
2048
2048
7657
2048
2048
8070
2048
2048
7972
2048
2048
7476
2048
2048
6761
2048
2048
5928
2048
2048
5096
2048
2048
4293
2048
2048
3579
2048
2048
2943
2048
2048
2406
2048
2048
1946
2048
2048
1571
2048
2048
1254
2048
2048
1002
2048
2048
792
2048
2048
627
2048
2048
490
2048
2048
385
2048
2048
297
2048
2048
231
2048
2048
176
2048
2048
135
2048
2048
101
2048
2048
77
2048
2048
56
2048
2048
42
2048
2048
30
2048
2048
22
2048
2048
15
2048
2048
11
2048
2048
7
2048
2048
5
2048
2048
3
2048
2048
2
2048
2048
1
2048
2048
1
2048
2048
1
2304
2304
23
2304
2304
176
2304
2304
720
2304
2304
1898
2304
2304
3692
2304
2304
5731
2304
2304
7564
2304
2304
8824
2304
2304
9418
2304
2304
9373
2304
2304
8877
2304
2304
8073
2304
2304
7139
2304
2304
6158
2304
2304
5231
2304
2304
4370
2304
2304
3621
2304
2304
2965
2304
2304
2417
2304
2304
1951
2304
2304
1573
2304
2304
1255
2304
2304
1002
2304
2304
792
2304
2304
627
2304
2304
490
2304
2304
385
2304
2304
297
2304
2304
231
2304
2304
176
2304
2304
135
2304
2304
101
2304
2304
77
2304
2304
56
2304
2304
42
2304
2304
30
2304
2304
22
2304
2304
15
2304
2304
11
2304
2304
7
2304
2304
5
2304
2304
3
2304
2304
2
2304
2304
1
2304
2304
1
2304
2304
1
2590
2590
23
2590
2590
184
2590
2590
764
2590
2590
2062
2590
2590
4070
2590
2590
6430
2590
2590
8588
2590
2590
10156
2590
2590
10936
2590
2590
11004
2590
2590
10489
2590
2590
9624
2590
2590
8551
2590
2590
7434
2590
2590
6334
2590
2590
5332
2590
2590
4426
2590
2590
3651
2590
2590
2980
2590
2590
2424
2590
2590
1954
2590
2590
1574
2590
2590
1255
2590
2590
1002
2590
2590
792
2590
2590
627
2590
2590
490
2590
2590
385
2590
2590
297
2590
2590
231
2590
2590
176
2590
2590
135
2590
2590
101
2590
2590
77
2590
2590
56
2590
2590
42
2590
2590
30
2590
2590
22
2590
2590
15
2590
2590
11
2590
2590
7
2590
2590
5
2590
2590
3
2590
2590
2
2590
2590
1
2590
2590
1
2590
2590
1
2910
2910
24
2910
2910
192
2910
2910
816
2910
2910
2233
2910
2910
4494
2910
2910
7190
2910
2910
9749
2910
2910
11648
2910
2910
12690
2910
2910
12866
2910
2910
12384
2910
2910
11424
2910
2910
10232
2910
2910
8932
2910
2910
7665
2910
2910
6469
2910
2910
5409
2910
2910
4468
2910
2910
3673
2910
2910
2991
2910
2910
2429
2910
2910
1956
2910
2910
1575
2910
2910
1255
2910
2910
1002
2910
2910
792
2910
2910
627
2910
2910
490
2910
2910
385
2910
2910
297
2910
2910
231
2910
2910
176
2910
2910
135
2910
2910
101
2910
2910
77
2910
2910
56
2910
2910
42
2910
2910
30
2910
2910
22
2910
2910
15
2910
2910
11
2910
2910
7
2910
2910
5
2910
2910
3
2910
2910
2
2910
2910
1
2910
2910
1
2910
2910
1
3264
3264
24
3264
3264
200
3264
3264
864
3264
3264
2418
3264
3264
4935
3264
3264
8033
3264
3264
11018
3264
3264
13338
3264
3264
14663
3264
3264
15021
3264
3264
14552
3264
3264
13542
3264
3264
12186
3264
3264
10715
3264
3264
9228
3264
3264
7841
3264
3264
6570
3264
3264
5465
3264
3264
4498
3264
3264
3688
3264
3264
2998
3264
3264
2432
3264
3264
1957
3264
3264
1575
3264
3264
1255
3264
3264
1002
3264
3264
792
3264
3264
627
3264
3264
490
3264
3264
385
3264
3264
297
3264
3264
231
3264
3264
176
3264
3264
135
3264
3264
101
3264
3264
77
3264
3264
56
3264
3264
42
3264
3264
30
3264
3264
22
3264
3264
15
3264
3264
11
3264
3264
7
3264
3264
5
3264
3264
3
3264
3264
2
3264
3264
1
3264
3264
1
3264
3264
1
3658
3658
25
3658
3658
208
3658
3658
920
3658
3658
2611
3658
3658
5427
3658
3658
8946
3658
3658
12450
3658
3658
15224
3658
3658
16928
3658
3658
17475
3658
3658
17084
3658
3658
15988
3658
3658
14499
3658
3658
12801
3658
3658
11098
3658
3658
9459
3658
3658
7976
3658
3658
6647
3658
3658
5507
3658
3658
4520
3658
3658
3699
3658
3658
3003
3658
3658
2434
3658
3658
1958
3658
3658
1575
3658
3658
1255
3658
3658
1002
3658
3658
792
3658
3658
627
3658
3658
490
3658
3658
385
3658
3658
297
3658
3658
231
3658
3658
176
3658
3658
135
3658
3658
101
3658
3658
77
3658
3658
56
3658
3658
42
3658
3658
30
3658
3658
22
3658
3658
15
3658
3658
11
3658
3658
7
3658
3658
5
3658
3658
3
3658
3658
2
3658
3658
1
3658
3658
1
3658
3658
