1
1
1
1
1
0
1
1
0
1
2
2
1
2
2
1
2
2
1
2
0
2
2
0
1
2
0
1
2
0
1
3
3
2
3
3
2
3
3
1
3
3
1
3
3
1
4
0
3
4
0
3
4
0
2
4
0
1
4
0
1
4
0
1
5
5
3
5
5
4
5
5
3
5
5
2
5
5
1
5
5
1
5
5
1
6
0
4
6
0
5
6
0
5
6
0
3
6
0
2
6
0
1
6
0
1
6
0
1
8
8
4
8
8
7
8
8
6
8
8
5
8
8
3
8
8
2
8
8
1
8
8
1
8
8
1
10
0
5
10
0
8
10
0
9
10
0
7
10
0
5
10
0
3
10
0
2
10
0
1
10
0
1
10
0
1
12
12
5
12
12
10
12
12
11
12
12
10
12
12
7
12
12
5
12
12
3
12
12
2
12
12
1
12
12
1
12
12
1
15
0
6
15
0
12
15
0
15
15
0
13
15
0
11
15
0
7
15
0
5
15
0
3
15
0
2
15
0
1
15
0
1
15
0
1
18
18
6
18
18
14
18
18
18
18
18
18
18
18
14
18
18
11
18
18
7
18
18
5
18
18
3
18
18
2
18
18
1
18
18
1
18
18
1
22
0
7
22
0
16
22
0
23
22
0
23
22
0
20
22
0
15
22
0
11
22
0
7
22
0
5
22
0
3
22
0
2
22
0
1
22
0
1
22
0
1
27
27
7
27
27
19
27
27
27
27
27
30
27
27
26
27
27
21
27
27
15
27
27
11
27
27
7
27
27
5
27
27
3
27
27
2
27
27
1
27
27
1
27
27
1
32
0
8
32
0
21
32
0
34
32
0
37
32
0
35
32
0
28
32
0
22
32
0
15
32
0
11
32
0
7
32
0
5
32
0
3
32
0
2
32
0
1
32
0
1
32
0
1
38
38
8
38
38
24
38
38
39
38
38
47
38
38
44
38
38
38
38
38
29
38
38
22
38
38
15
38
38
11
38
38
7
38
38
5
38
38
3
38
38
2
38
38
1
38
38
1
38
38
1
46
0
9
46
0
27
46
0
47
46
0
57
46
0
58
46
0
49
46
0
40
46
0
30
46
0
22
46
0
15
46
0
11
46
0
7
46
0
5
46
0
3
46
0
2
46
0
1
46
0
1
46
0
1
54
54
9
54
54
30
54
54
54
54
54
70
54
54
71
54
54
65
54
54
52
54
54
41
54
54
30
54
54
22
54
54
15
54
54
11
54
54
7
54
54
5
54
54
3
54
54
2
54
54
1
54
54
1
54
54
1
64
0
10
64
0
33
64
0
64
64
0
84
64
0
90
64
0
82
64
0
70
64
0
54
64
0
42
64
0
30
64
0
22
64
0
15
64
0
11
64
0
7
64
0
5
64
0
3
64
0
2
64
0
1
64
0
1
64
0
1
76
76
10
76
76
37
76
76
72
76
76
101
76
76
110
76
76
105
76
76
89
76
76
73
76
76
55
76
76
42
76
76
30
76
76
22
76
76
15
76
76
11
76
76
7
76
76
5
76
76
3
76
76
2
76
76
1
76
76
1
76
76
1
89
0
11
89
0
40
89
0
84
89
0
119
89
0
136
89
0
131
89
0
116
89
0
94
89
0
75
89
0
56
89
0
42
89
0
30
89
0
22
89
0
15
89
0
11
89
0
7
89
0
5
89
0
3
89
0
2
89
0
1
89
0
1
89
0
1
104
104
11
104
104
44
104
104
94
104
104
141
104
104
163
104
104
164
104
104
146
104
104
123
104
104
97
104
104
76
104
104
56
104
104
42
104
104
30
104
104
22
104
104
15
104
104
11
104
104
7
104
104
5
104
104
3
104
104
2
104
104
1
104
104
1
104
104
1
122
0
12
122
0
48
122
0
108
122
0
164
122
0
199
122
0
201
122
0
186
122
0
157
122
0
128
122
0
99
122
0
77
122
0
56
122
0
42
122
0
30
122
0
22
122
0
15
122
0
11
122
0
7
122
0
5
122
0
3
122
0
2
122
0
1
122
0
1
122
0
1
142
142
12
142
142
52
142
142
120
142
142
192
142
142
235
142
142
248
142
142
230
142
142
201
142
142
164
142
142
131
142
142
100
142
142
77
142
142
56
142
142
42
142
142
30
142
142
22
142
142
15
142
142
11
142
142
7
142
142
5
142
142
3
142
142
2
142
142
1
142
142
1
142
142
1
165
0
13
165
0
56
165
0
136
165
0
221
165
0
282
165
0
300
165
0
288
165
0
252
165
0
212
165
0
169
165
0
133
165
0
101
165
0
77
165
0
56
165
0
42
165
0
30
165
0
22
165
0
15
165
0
11
165
0
7
165
0
5
165
0
3
165
0
2
165
0
1
165
0
1
165
0
1
192
192
13
192
192
61
192
192
150
192
192
255
192
192
331
192
192
364
192
192
352
192
192
318
192
192
267
192
192
219
192
192
172
192
192
134
192
192
101
192
192
77
192
192
56
192
192
42
192
192
30
192
192
22
192
192
15
192
192
11
192
192
7
192
192
5
192
192
3
192
192
2
192
192
1
192
192
1
192
192
1
222
0
14
222
0
65
222
0
169
222
0
291
222
0
391
222
0
436
222
0
434
222
0
393
222
0
340
222
0
278
222
0
224
222
0
174
222
0
135
222
0
101
222
0
77
222
0
56
222
0
42
222
0
30
222
0
22
222
0
15
222
0
11
222
0
7
222
0
5
222
0
3
222
0
2
222
0
1
222
0
1
222
0
1
256
256
14
256
256
70
256
256
185
256
256
333
256
256
454
256
256
522
256
256
525
256
256
488
256
256
423
256
256
355
256
256
285
256
256
227
256
256
175
256
256
135
256
256
101
256
256
77
256
256
56
256
256
42
256
256
30
256
256
22
256
256
15
256
256
11
256
256
7
256
256
5
256
256
3
256
256
2
256
256
1
256
256
1
256
256
1
296
0
15
296
0
75
296
0
206
296
0
377
296
0
532
296
0
618
296
0
638
296
0
598
296
0
530
296
0
445
296
0
366
296
0
290
296
0
229
296
0
176
296
0
135
296
0
101
296
0
77
296
0
56
296
0
42
296
0
30
296
0
22
296
0
15
296
0
11
296
0
7
296
0
5
296
0
3
296
0
2
296
0
1
296
0
1
296
0
1
340
340
15
340
340
80
340
340
225
340
340
427
340
340
612
340
340
733
340
340
764
340
340
732
340
340
653
340
340
560
340
340
460
340
340
373
340
340
293
340
340
230
340
340
176
340
340
135
340
340
101
340
340
77
340
340
56
340
340
42
340
340
30
340
340
22
340
340
15
340
340
11
340
340
7
340
340
5
340
340
3
340
340
2
340
340
1
340
340
1
340
340
1
390
0
16
390
0
85
390
0
249
390
0
480
390
0
709
390
0
860
390
0
919
390
0
887
390
0
807
390
0
695
390
0
582
390
0
471
390
0
378
390
0
295
390
0
231
390
0
176
390
0
135
390
0
101
390
0
77
390
0
56
390
0
42
390
0
30
390
0
22
390
0
15
390
0
11
390
0
7
390
0
5
390
0
3
390
0
2
390
0
1
390
0
1
390
0
1
448
448
16
448
448
91
448
448
270
448
448
540
448
448
811
448
448
1009
448
448
1090
448
448
1076
448
448
984
448
448
863
448
448
725
448
448
597
448
448
478
448
448
381
448
448
296
448
448
231
448
448
176
448
448
135
448
448
101
448
448
77
448
448
56
448
448
42
448
448
30
448
448
22
448
448
15
448
448
11
448
448
7
448
448
5
448
448
3
448
448
2
448
448
1
448
448
1
448
448
1
512
0
17
512
0
96
512
0
297
512
0
603
512
0
931
512
0
1175
512
0
1297
512
0
1291
512
0
1204
512
0
1060
512
0
905
512
0
747
512
0
608
512
0
483
512
0
383
512
0
297
512
0
231
512
0
176
512
0
135
512
0
101
512
0
77
512
0
56
512
0
42
512
0
30
512
0
22
512
0
15
512
0
11
512
0
7
512
0
5
512
0
3
512
0
2
512
0
1
512
0
1
512
0
1
585
585
17
585
585
102
585
585
321
585
585
674
585
585
1057
585
585
1367
585
585
1527
585
585
1549
585
585
1455
585
585
1303
585
585
1116
585
585
935
585
585
762
585
585
615
585
585
486
585
585
384
585
585
297
585
585
231
585
585
176
585
585
135
585
585
101
585
585
77
585
585
56
585
585
42
585
585
30
585
585
22
585
585
15
585
585
11
585
585
7
585
585
5
585
585
3
585
585
2
585
585
1
585
585
1
585
585
1
668
0
18
668
0
108
668
0
351
668
0
748
668
0
1206
668
0
1579
668
0
1801
668
0
1845
668
0
1761
668
0
1586
668
0
1380
668
0
1158
668
0
957
668
0
773
668
0
620
668
0
488
668
0
385
668
0
297
668
0
231
668
0
176
668
0
135
668
0
101
668
0
77
668
0
56
668
0
42
668
0
30
668
0
22
668
0
15
668
0
11
668
0
7
668
0
5
668
0
3
668
0
2
668
0
1
668
0
1
668
0
1
760
760
18
760
760
114
760
760
378
760
760
831
760
760
1360
760
760
1824
760
760
2104
760
760
2194
760
760
2112
760
760
1930
760
760
1686
760
760
1436
760
760
1188
760
760
972
760
760
780
760
760
623
760
760
489
760
760
385
760
760
297
760
760
231
760
760
176
760
760
135
760
760
101
760
760
77
760
760
56
760
760
42
760
760
30
760
760
22
760
760
15
760
760
11
760
760
7
760
760
5
760
760
3
760
760
2
760
760
1
760
760
1
760
760
1
864
0
19
864
0
120
864
0
411
864
0
918
864
0
1540
864
0
2093
864
0
2462
864
0
2592
864
0
2534
864
0
2331
864
0
2063
864
0
1763
864
0
1478
864
0
1210
864
0
983
864
0
785
864
0
625
864
0
490
864
0
385
864
0
297
864
0
231
864
0
176
864
0
135
864
0
101
864
0
77
864
0
56
864
0
42
864
0
30
864
0
22
864
0
15
864
0
11
864
0
7
864
0
5
864
0
3
864
0
2
864
0
1
864
0
1
864
0
1
982
982
19
982
982
127
982
982
441
982
982
1014
982
982
1729
982
982
2400
982
982
2857
982
982
3060
982
982
3015
982
982
2812
982
982
2503
982
982
2164
982
982
1819
982
982
1508
982
982
1225
982
982
990
982
982
788
982
982
626
982
982
490
982
982
385
982
982
297
982
982
231
982
982
176
982
982
135
982
982
101
982
982
77
982
982
56
982
982
42
982
982
30
982
982
22
982
982
15
982
982
11
982
982
7
982
982
5
982
982
3
982
982
2
982
982
1
982
982
1
982
982
1
1113
0
20
1113
0
133
1113
0
478
1113
0
1115
1113
0
1945
1113
0
2738
1113
0
3319
1113
0
3589
1113
0
3590
1113
0
3370
1113
0
3036
1113
0
2637
1113
0
2241
1113
0
1861
1113
0
1530
1113
0
1236
1113
0
995
1113
0
790
1113
0
627
1113
0
490
1113
0
385
1113
0
297
1113
0
231
1113
0
176
1113
0
135
1113
0
101
1113
0
77
1113
0
56
1113
0
42
1113
0
30
1113
0
22
1113
0
15
1113
0
11
1113
0
7
1113
0
5
1113
0
3
1113
0
2
1113
0
1
1113
0
1
1113
0
1
1260
1260
20
1260
1260
140
1260
1260
511
1260
1260
1226
1260
1260
2172
1260
1260
3120
1260
1260
3828
1260
1260
4206
1260
1260
4242
1260
1260
4035
1260
1260
3655
1260
1260
3210
1260
1260
2738
1260
1260
2297
1260
1260
1891
1260
1260
1545
1260
1260
1243
1260
1260
998
1260
1260
791
1260
1260
627
1260
1260
490
1260
1260
385
1260
1260
297
1260
1260
231
1260
1260
176
1260
1260
135
1260
1260
101
1260
1260
77
1260
1260
56
1260
1260
42
1260
1260
30
1260
1260
22
1260
1260
15
1260
1260
11
1260
1260
7
1260
1260
5
1260
1260
3
1260
1260
2
1260
1260
1
1260
1260
1
1260
1260
1
1426
0
21
1426
0
147
1426
0
551
1426
0
1342
1426
0
2432
1426
0
3539
1426
0
4417
1426
0
4904
1426
0
5013
1426
0
4802
1426
0
4401
1426
0
3882
1426
0
3345
1426
0
2815
1426
0
2339
1426
0
1913
1426
0
1556
1426
0
1248
1426
0
1000
1426
0
792
1426
0
627
1426
0
490
1426
0
385
1426
0
297
1426
0
231
1426
0
176
1426
0
135
1426
0
101
1426
0
77
1426
0
56
1426
0
42
1426
0
30
1426
0
22
1426
0
15
1426
0
11
1426
0
7
1426
0
5
1426
0
3
1426
0
2
1426
0
1
1426
0
1
1426
0
1
1610
1610
21
1610
1610
154
1610
1610
588
1610
1610
1469
1610
1610
2702
1610
1610
4011
1610
1610
5066
1610
1610
5708
1610
1610
5888
1610
1610
5708
1610
1610
5262
1610
1610
4691
1610
1610
4057
1610
1610
3446
1610
1610
2871
1610
1610
2369
1610
1610
1928
1610
1610
1563
1610
1610
1251
1610
1610
1001
1610
1610
792
1610
1610
627
1610
1610
490
1610
1610
385
1610
1610
297
1610
1610
231
1610
1610
176
1610
1610
135
1610
1610
101
1610
1610
77
1610
1610
56
1610
1610
42
1610
1610
30
1610
1610
22
1610
1610
15
1610
1610
11
1610
1610
7
1610
1610
5
1610
1610
3
1610
1610
2
1610
1610
1
1610
1610
1
1610
1610
1
1816
0
22
1816
0
161
1816
0
632
1816
0
1602
1816
0
3009
1816
0
4526
1816
0
5812
1816
0
6615
1816
0
6912
1816
0
6751
1816
0
6290
1816
0
5635
1816
0
4920
1816
0
4192
1816
0
3523
1816
0
2913
1816
0
2391
1816
0
1939
1816
0
1568
1816
0
1253
1816
0
1002
1816
0
792
1816
0
627
1816
0
490
1816
0
385
1816
0
297
1816
0
231
1816
0
176
1816
0
135
1816
0
101
1816
0
77
1816
0
56
1816
0
42
1816
0
30
1816
0
22
1816
0
15
1816
0
11
1816
0
7
1816
0
5
1816
0
3
1816
0
2
1816
0
1
1816
0
1
1816
0
1
2048
2048
22
2048
2048
169
2048
2048
672
2048
2048
1747
2048
2048
3331
2048
2048
5102
2048
2048
6630
2048
2048
7657
2048
2048
8070
2048
2048
7972
2048
2048
7476
2048
2048
6761
2048
2048
5928
2048
2048
5096
2048
2048
4293
2048
2048
3579
2048
2048
2943
2048
2048
2406
2048
2048
1946
2048
2048
1571
2048
2048
1254
2048
2048
1002
2048
2048
792
2048
2048
627
2048
2048
490
2048
2048
385
2048
2048
297
2048
2048
231
2048
2048
176
2048
2048
135
2048
2048
101
2048
2048
77
2048
2048
56
2048
2048
42
2048
2048
30
2048
2048
22
2048
2048
15
2048
2048
11
2048
2048
7
2048
2048
5
2048
2048
3
2048
2048
2
2048
2048
1
2048
2048
1
2048
2048
1
2304
0
23
2304
0
176
2304
0
720
2304
0
1898
2304
0
3692
2304
0
5731
2304
0
7564
2304
0
8824
2304
0
9418
2304
0
9373
2304
0
8877
2304
0
8073
2304
0
7139
2304
0
6158
2304
0
5231
2304
0
4370
2304
0
3621
2304
0
2965
2304
0
2417
2304
0
1951
2304
0
1573
2304
0
1255
2304
0
1002
2304
0
792
2304
0
627
2304
0
490
2304
0
385
2304
0
297
2304
0
231
2304
0
176
2304
0
135
2304
0
101
2304
0
77
2304
0
56
2304
0
42
2304
0
30
2304
0
22
2304
0
15
2304
0
11
2304
0
7
2304
0
5
2304
0
3
2304
0
2
2304
0
1
2304
0
1
2304
0
1
2590
2590
23
2590
2590
184
2590
2590
764
2590
2590
2062
2590
2590
4070
2590
2590
6430
2590
2590
8588
2590
2590
10156
2590
2590
10936
2590
2590
11004
2590
2590
10489
2590
2590
9624
2590
2590
8551
2590
2590
7434
2590
2590
6334
2590
2590
5332
2590
2590
4426
2590
2590
3651
2590
2590
2980
2590
2590
2424
2590
2590
1954
2590
2590
1574
2590
2590
1255
2590
2590
1002
2590
2590
792
2590
2590
627
2590
2590
490
2590
2590
385
2590
2590
297
2590
2590
231
2590
2590
176
2590
2590
135
2590
2590
101
2590
2590
77
2590
2590
56
2590
2590
42
2590
2590
30
2590
2590
22
2590
2590
15
2590
2590
11
2590
2590
7
2590
2590
5
2590
2590
3
2590
2590
2
2590
2590
1
2590
2590
1
2590
2590
1
2910
0
24
2910
0
192
2910
0
816
2910
0
2233
2910
0
4494
2910
0
7190
2910
0
9749
2910
0
11648
2910
0
12690
2910
0
12866
2910
0
12384
2910
0
11424
2910
0
10232
2910
0
8932
2910
0
7665
2910
0
6469
2910
0
5409
2910
0
4468
2910
0
3673
2910
0
2991
2910
0
2429
2910
0
1956
2910
0
1575
2910
0
1255
2910
0
1002
2910
0
792
2910
0
627
2910
0
490
2910
0
385
2910
0
297
2910
0
231
2910
0
176
2910
0
135
2910
0
101
2910
0
77
2910
0
56
2910
0
42
2910
0
30
2910
0
22
2910
0
15
2910
0
11
2910
0
7
2910
0
5
2910
0
3
2910
0
2
2910
0
1
2910
0
1
2910
0
1
3264
3264
24
3264
3264
200
3264
3264
864
3264
3264
2418
3264
3264
4935
3264
3264
8033
3264
3264
11018
3264
3264
13338
3264
3264
14663
3264
3264
15021
3264
3264
14552
3264
3264
13542
3264
3264
12186
3264
3264
10715
3264
3264
9228
3264
3264
7841
3264
3264
6570
3264
3264
5465
3264
3264
4498
3264
3264
3688
3264
3264
2998
3264
3264
2432
3264
3264
1957
3264
3264
1575
3264
3264
1255
3264
3264
1002
3264
3264
792
3264
3264
627
3264
3264
490
3264
3264
385
3264
3264
297
3264
3264
231
3264
3264
176
3264
3264
135
3264
3264
101
3264
3264
77
3264
3264
56
3264
3264
42
3264
3264
30
3264
3264
22
3264
3264
15
3264
3264
11
3264
3264
7
3264
3264
5
3264
3264
3
3264
3264
2
3264
3264
1
3264
3264
1
3264
3264
1
3658
0
25
3658
0
208
3658
0
920
3658
0
2611
3658
0
5427
3658
0
8946
3658
0
12450
3658
0
15224
3658
0
16928
3658
0
17475
3658
0
17084
3658
0
15988
3658
0
14499
3658
0
12801
3658
0
11098
3658
0
9459
3658
0
7976
3658
0
6647
3658
0
5507
3658
0
4520
3658
0
3699
3658
0
3003
3658
0
2434
3658
0
1958
3658
0
1575
3658
0
1255
3658
0
1002
3658
0
792
3658
0
627
3658
0
490
3658
0
385
3658
0
297
3658
0
231
3658
0
176
3658
0
135
3658
0
101
3658
0
77
3658
0
56
3658
0
42
3658
0
30
3658
0
22
3658
0
15
3658
0
11
3658
0
7
3658
0
5
3658
0
3
3658
0
2
3658
0
1
3658
0
1
3658
0
